# Filename: guide/clp_guide__rc__r4.ascii

Time explicit
Intervalnr 1
-0.00104999996
3.8234307900e+02	5.5092064704e+00
3.8526245100e+02	5.6440441166e+00
3.8817999300e+02	5.8154840435e+00
3.9109564200e+02	5.5807290515e+00
3.9400943000e+02	5.5073317125e+00
3.9692135600e+02	5.1540470444e+00
3.9983142100e+02	4.7261752987e+00
4.0273962400e+02	4.3643255246e+00
4.0564593500e+02	3.8408169856e+00
4.0855038500e+02	3.3089319582e+00
4.1145294200e+02	2.7514479473e+00
4.1435366800e+02	2.2041283472e+00
4.1725250200e+02	1.6835759081e+00
4.2014947500e+02	9.8885237715e-01
4.2304461700e+02	4.0252633199e-01
4.2593783600e+02	-3.4798299686e-01
4.2882922400e+02	-9.4756950540e-01
4.3171871900e+02	-1.5755969821e+00
4.3460638400e+02	-2.1957239830e+00
4.3749212600e+02	-2.7709610432e+00
4.4037603800e+02	-3.2871759568e+00
4.4325805700e+02	-3.6663624025e+00
4.4613821400e+02	-4.0326379120e+00
4.4901651000e+02	-4.3813445310e+00
4.5189294400e+02	-4.6492573649e+00
4.5476748700e+02	-4.8574156075e+00
4.5764019800e+02	-4.7451470798e+00
4.6051101700e+02	-4.7443337512e+00
4.6337994400e+02	-4.4490204293e+00
4.6624704000e+02	-4.0125463649e+00
4.6911224400e+02	-3.3917293707e+00
4.7197561600e+02	-2.8707478138e+00
4.7483709700e+02	-2.2991732858e+00
4.7769671600e+02	-1.8236931183e+00
4.8055444300e+02	-1.3556804257e+00
4.8341033900e+02	-1.1461399506e+00
4.8626434300e+02	-9.9403307188e-01
4.8911645500e+02	-1.0372593654e+00
4.9196673600e+02	-9.1943388435e-01
4.9481512500e+02	-1.0477385205e+00
4.9766168200e+02	-1.1200832474e+00
5.0050634800e+02	-1.1784983154e+00
5.0334912100e+02	-1.2197245229e+00
5.0619006300e+02	-1.3414463424e+00
5.0902911400e+02	-1.5339787927e+00
5.1186633300e+02	-1.6912854535e+00
5.1470166000e+02	-2.1963961560e+00
5.1753509500e+02	-2.8426206555e+00
5.2036669900e+02	-3.5809615545e+00
5.2319641100e+02	-4.5600748273e+00
5.2602423100e+02	-5.6261321088e+00
5.2885022000e+02	-6.5405390050e+00
5.3167437700e+02	-7.3922612173e+00
5.3449658200e+02	-8.2390225279e+00
5.3731695600e+02	-8.9373221301e+00
5.4013549800e+02	-9.1796175250e+00
5.4295214800e+02	-9.1541137465e+00
5.4576690700e+02	-9.2414538667e+00
5.4857983400e+02	-9.1597160431e+00
5.5139086900e+02	-9.1719700899e+00
5.5420001200e+02	-9.2817173544e+00
5.5700732400e+02	-9.9405346038e+00
5.5981274400e+02	-1.0695054642e+01
5.6261633300e+02	-1.1919468968e+01
5.6541796900e+02	-1.3596458612e+01
5.6821783400e+02	-1.5269282323e+01
5.7101580800e+02	-1.7157379811e+01
5.7381189000e+02	-1.9370872563e+01
5.7660607900e+02	-2.1201950333e+01
5.7939843800e+02	-2.2699207544e+01
5.8218896500e+02	-2.4059321423e+01
5.8497753900e+02	-2.5236038082e+01
5.8776428200e+02	-2.5694035077e+01
5.9054919400e+02	-2.6138996607e+01
5.9333221400e+02	-2.6364479575e+01
5.9611334200e+02	-2.6364901435e+01
5.9889257800e+02	-2.6638733893e+01
6.0167004400e+02	-2.6781626175e+01
6.0444555700e+02	-2.6875776868e+01
6.0721923800e+02	-2.7266358902e+01
6.0999102800e+02	-2.7008580850e+01
6.1276098600e+02	-2.6977155236e+01
6.1552905300e+02	-2.6277635869e+01
6.1829522700e+02	-2.5283616201e+01
6.2105957000e+02	-2.3962839396e+01
6.2382202100e+02	-2.2406775317e+01
6.2658264200e+02	-2.0587385024e+01
6.2934130900e+02	-1.8635655040e+01
6.3209820600e+02	-1.6956064179e+01
6.3485314900e+02	-1.5177584333e+01
6.3760632300e+02	-1.3570801982e+01
6.4035754400e+02	-1.2487245149e+01
6.4310693400e+02	-1.1441984430e+01
6.4585443100e+02	-1.0752012494e+01
6.4860009800e+02	-1.0038061877e+01
6.5134387200e+02	-9.5237399707e+00
6.5408575400e+02	-9.2635521215e+00
6.5682580600e+02	-8.8287709145e+00
6.5956396500e+02	-8.8041879356e+00
6.6230029300e+02	-8.4938970398e+00
6.6503472900e+02	-8.3157890176e+00
6.6776733400e+02	-8.0442783664e+00
6.7049798600e+02	-7.4710054332e+00
6.7322680700e+02	-6.7487024405e+00
6.7595379600e+02	-5.7813606141e+00
6.7867889400e+02	-4.8813631555e+00
6.8140210000e+02	-3.6733791271e+00
6.8412347400e+02	-2.1729484695e+00
6.8684295700e+02	-6.6626467920e-01
6.8956060800e+02	9.5176625206e-01
6.9227636700e+02	2.8110759292e+00
6.9499023400e+02	4.5347333726e+00
6.9770227100e+02	6.1089889693e+00
7.0041241500e+02	7.4650857286e+00
7.0312066700e+02	8.8600684333e+00
7.0582708700e+02	1.0438065196e+01
7.0853161600e+02	1.0959921281e+01
7.1123431400e+02	1.1705821644e+01
7.1393512000e+02	1.2301423598e+01
7.1663403300e+02	1.2800805941e+01
7.1933111600e+02	1.2683855093e+01
7.2202630600e+02	1.2634985770e+01
7.2471966600e+02	1.2772190180e+01
7.2741113300e+02	1.2581373189e+01
7.3010070800e+02	1.1961565374e+01
7.3278845200e+02	1.1449346988e+01
7.3547430400e+02	1.0800090860e+01
7.3815832500e+02	1.0093117789e+01
7.4084045400e+02	9.3609443191e+00
7.4352069100e+02	8.8199441072e+00
7.4619903600e+02	8.1289226306e+00
7.4887561000e+02	7.7412755787e+00
7.5155023200e+02	7.1742035713e+00
7.5422302200e+02	6.8284061439e+00
7.5689392100e+02	6.3023030581e+00
7.5956298800e+02	6.1052909610e+00
7.6223016400e+02	5.9185142300e+00
7.6489544700e+02	5.8180702009e+00
7.6755889900e+02	5.7690504934e+00
7.7022045900e+02	5.6156851858e+00
7.7288018800e+02	5.7032980920e+00
7.7553802500e+02	5.6196057215e+00
7.7819397000e+02	5.9921678129e+00
7.8084808300e+02	6.2121406012e+00
7.8350030500e+02	5.8087233024e+00
7.8615069600e+02	5.7034654117e+00
7.8879919400e+02	5.7451247698e+00
7.9144580100e+02	6.1053451327e+00
7.9409057600e+02	6.5837722730e+00
7.9673345900e+02	6.0441925246e+00
7.9937451200e+02	5.2593386960e+00
8.0201367200e+02	4.5339388697e+00
8.0465094000e+02	4.0487601819e+00
8.0728631600e+02	3.4393327759e+00
8.0991992200e+02	3.4378429672e+00
8.1255157500e+02	3.1070797629e+00
8.1518139600e+02	3.0789092066e+00
8.1780932600e+02	3.3780193133e+00
8.2043542500e+02	3.5611266167e+00
8.2305963100e+02	3.4953520298e+00
8.2568194600e+02	3.6599902096e+00
8.2830242900e+02	4.6621746329e+00
8.3092102100e+02	5.1783842443e+00
8.3353772000e+02	5.1484199028e+00
8.3615258800e+02	5.4940186720e+00
8.3876562500e+02	5.5355842884e+00
8.4137677000e+02	5.7431780995e+00
8.4398602300e+02	5.5350438457e+00
8.4659338400e+02	5.7787009930e+00
8.4919891400e+02	5.8072978536e+00
8.5180261200e+02	5.6002837102e+00
