# Filename: guide/clp_guide__rc__r1.ascii

Time explicit
Intervalnr 1
-0.00104999996
3.8234307900e+02	-5.9983683153e-01
3.8526245100e+02	7.3635589098e-02
3.8817999300e+02	-6.3487972803e-01
3.9109564200e+02	6.8990350709e-01
3.9400943000e+02	-1.5292114695e-01
3.9692135600e+02	-2.1378648240e-01
3.9983142100e+02	3.7843455194e-01
4.0273962400e+02	-5.1013091978e-01
4.0564593500e+02	-1.4990699964e-01
4.0855038500e+02	-1.2518436415e-01
4.1145294200e+02	-8.2343598463e-01
4.1435366800e+02	-1.1995831213e+00
4.1725250200e+02	-8.3768411838e-01
4.2014947500e+02	-1.3761935858e+00
4.2304461700e+02	-2.6314698445e+00
4.2593783600e+02	-2.5830849130e+00
4.2882922400e+02	-3.4497909659e+00
4.3171871900e+02	-3.8973734770e+00
4.3460638400e+02	-3.7588994203e+00
4.3749212600e+02	-3.6427167077e+00
4.4037603800e+02	-5.0965384092e+00
4.4325805700e+02	-5.4557459743e+00
4.4613821400e+02	-5.3843965536e+00
4.4901651000e+02	-5.5728124504e+00
4.5189294400e+02	-4.2691088333e+00
4.5476748700e+02	-5.4517695941e+00
4.5764019800e+02	-6.1185631971e+00
4.6051101700e+02	-5.5709878762e+00
4.6337994400e+02	-5.3083370842e+00
4.6624704000e+02	-4.8551658522e+00
4.6911224400e+02	-4.0664135756e+00
4.7197561600e+02	-4.1573131059e+00
4.7483709700e+02	-3.4446671986e+00
4.7769671600e+02	-3.2957300277e+00
4.8055444300e+02	-2.0791031644e+00
4.8341033900e+02	-2.4228465363e+00
4.8626434300e+02	-1.6870076310e+00
4.8911645500e+02	-2.0478975564e+00
4.9196673600e+02	-1.6990043355e+00
4.9481512500e+02	-1.3303764448e+00
4.9766168200e+02	-1.6067134082e+00
5.0050634800e+02	-9.5659409905e-01
5.0334912100e+02	-1.0439567600e+00
5.0619006300e+02	-1.7169156500e+00
5.0902911400e+02	-2.3702682551e+00
5.1186633300e+02	-1.6451191428e+00
5.1470166000e+02	-2.6897371574e+00
5.1753509500e+02	-3.8694493831e+00
5.2036669900e+02	-5.3389860081e+00
5.2319641100e+02	-5.6504727292e+00
5.2602423100e+02	-5.8508293734e+00
5.2885022000e+02	-1.0333317206e+01
5.3167437700e+02	-7.7318631979e+00
5.3449658200e+02	-1.0058114091e+01
5.3731695600e+02	-1.2319739794e+01
5.4013549800e+02	-1.2520067481e+01
5.4295214800e+02	-1.0991493225e+01
5.4576690700e+02	-1.2607363347e+01
5.4857983400e+02	-1.3524259695e+01
5.5139086900e+02	-1.3274930993e+01
5.5420001200e+02	-1.2932229935e+01
5.5700732400e+02	-1.5047654997e+01
5.5981274400e+02	-1.6400348139e+01
5.6261633300e+02	-1.7937556364e+01
5.6541796900e+02	-2.0058398756e+01
5.6821783400e+02	-2.3557244447e+01
5.7101580800e+02	-2.6002943978e+01
5.7381189000e+02	-2.9285743647e+01
5.7660607900e+02	-3.3049511125e+01
5.7939843800e+02	-3.5088281485e+01
5.8218896500e+02	-3.7106190663e+01
5.8497753900e+02	-3.9156096304e+01
5.8776428200e+02	-3.7947676616e+01
5.9054919400e+02	-3.6525489425e+01
5.9333221400e+02	-3.4029839652e+01
5.9611334200e+02	-3.0061098299e+01
5.9889257800e+02	-2.6268947087e+01
6.0167004400e+02	-2.1716200423e+01
6.0444555700e+02	-1.8242752625e+01
6.0721923800e+02	-1.4396651733e+01
6.0999102800e+02	-1.1627823632e+01
6.1276098600e+02	-8.6896338261e+00
6.1552905300e+02	-7.3708382470e+00
6.1829522700e+02	-6.8212831255e+00
6.2105957000e+02	-4.4400710756e+00
6.2382202100e+02	-5.5325046856e+00
6.2658264200e+02	-6.9511972805e+00
6.2934130900e+02	-7.1768998327e+00
6.3209820600e+02	-6.4687805903e+00
6.3485314900e+02	-7.2209433134e+00
6.3760632300e+02	-7.7949374381e+00
6.4035754400e+02	-8.4136224593e+00
6.4310693400e+02	-8.1899991964e+00
6.4585443100e+02	-7.8171889539e+00
6.4860009800e+02	-7.9546420302e+00
6.5134387200e+02	-7.1379403945e+00
6.5408575400e+02	-6.3431743723e+00
6.5682580600e+02	-5.6540664304e+00
6.5956396500e+02	-4.4039674111e+00
6.6230029300e+02	-3.0497950629e+00
6.6503472900e+02	-1.2851249108e+00
6.6776733400e+02	-5.6263808962e-01
6.7049798600e+02	1.2436203227e+00
6.7322680700e+02	2.3222102164e+00
6.7595379600e+02	2.9210011760e+00
6.7867889400e+02	5.3268774445e+00
6.8140210000e+02	6.0107525042e+00
6.8412347400e+02	7.3766700711e+00
6.8684295700e+02	8.2348602332e+00
6.8956060800e+02	9.6257204953e+00
6.9227636700e+02	9.8517644008e+00
6.9499023400e+02	1.1014635391e+01
6.9770227100e+02	1.1705858647e+01
7.0041241500e+02	1.1616141324e+01
7.0312066700e+02	1.3882491650e+01
7.0582708700e+02	1.4790788400e+01
7.0853161600e+02	1.5096886411e+01
7.1123431400e+02	1.5324400603e+01
7.1393512000e+02	1.6146683989e+01
7.1663403300e+02	1.5439043331e+01
7.1933111600e+02	1.5140128759e+01
7.2202630600e+02	1.6743751849e+01
7.2471966600e+02	1.7411297421e+01
7.2741113300e+02	1.6950327642e+01
7.3010070800e+02	1.5275422130e+01
7.3278845200e+02	1.5947861366e+01
7.3547430400e+02	1.6596677642e+01
7.3815832500e+02	1.6065335362e+01
7.4084045400e+02	1.4983959080e+01
7.4352069100e+02	1.3894998656e+01
7.4619903600e+02	1.3995585968e+01
7.4887561000e+02	1.2978323684e+01
7.5155023200e+02	1.2818764885e+01
7.5422302200e+02	1.6854541409e+01
7.5689392100e+02	1.3652896100e+01
7.5956298800e+02	9.3379898889e+00
7.6223016400e+02	9.2247594786e+00
7.6489544700e+02	1.4632357698e+01
7.6755889900e+02	1.0774348813e+01
7.7022045900e+02	9.4149869789e-01
7.7288018800e+02	3.2139631989e+00
7.7553802500e+02	9.8477207723e+00
7.7819397000e+02	1.5940368639e+01
7.8084808300e+02	5.5865618428e+00
7.8350030500e+02	-3.8132916250e+00
7.8615069600e+02	2.5593467774e+00
7.8879919400e+02	1.4519985872e+01
7.9144580100e+02	1.9337954901e+01
7.9409057600e+02	9.1551286456e+00
7.9673345900e+02	6.3562426105e-01
7.9937451200e+02	3.1201830285e-01
8.0201367200e+02	1.0440461172e+01
8.0465094000e+02	1.3178982428e+01
8.0728631600e+02	-2.2056325053e+00
8.0991992200e+02	1.8348797963e+00
8.1255157500e+02	5.5238271623e+00
8.1518139600e+02	-1.3190612984e-01
8.1780932600e+02	3.3144604111e+00
8.2043542500e+02	1.1035659993e+01
8.2305963100e+02	1.6251949178e+01
8.2568194600e+02	8.4114293808e+00
8.2830242900e+02	-7.6585109098e+00
8.3092102100e+02	-1.4428875404e+01
8.3353772000e+02	5.4335177688e+00
8.3615258800e+02	1.6235968179e+01
8.3876562500e+02	2.0853906975e+01
8.4137677000e+02	1.7506095472e+01
8.4398602300e+02	1.3735978857e+01
8.4659338400e+02	8.7695051818e+00
8.4919891400e+02	1.4400549101e+01
8.5180261200e+02	1.9968429511e+01
