# Filename: guide/clp_guide__rc__r3.ascii

Time explicit
Intervalnr 1
-0.00104999996
3.8234307900e+02	4.8968401560e+00
3.8526245100e+02	4.9715949829e+00
3.8817999300e+02	5.1008340660e+00
3.9109564200e+02	4.9246970503e+00
3.9400943000e+02	4.8796598353e+00
3.9692135600e+02	4.5391954355e+00
3.9983142100e+02	4.2614345022e+00
4.0273962400e+02	3.9405271332e+00
4.0564593500e+02	3.5645118800e+00
4.0855038500e+02	3.0861089388e+00
4.1145294200e+02	2.5700140602e+00
4.1435366800e+02	2.0220882103e+00
4.1725250200e+02	1.5607714546e+00
4.2014947500e+02	9.1962005398e-01
4.2304461700e+02	3.4589022284e-01
4.2593783600e+02	-3.2136197021e-01
4.2882922400e+02	-9.8755311106e-01
4.3171871900e+02	-1.5338034001e+00
4.3460638400e+02	-2.0526887787e+00
4.3749212600e+02	-2.6550778250e+00
4.4037603800e+02	-3.1245748607e+00
4.4325805700e+02	-3.5692136404e+00
4.4613821400e+02	-3.8697131819e+00
4.4901651000e+02	-4.1982000636e+00
4.5189294400e+02	-4.3360473941e+00
4.5476748700e+02	-4.5918167895e+00
4.5764019800e+02	-4.5220462270e+00
4.6051101700e+02	-4.4844854910e+00
4.6337994400e+02	-4.2116630046e+00
4.6624704000e+02	-3.8290678711e+00
4.6911224400e+02	-3.2879739513e+00
4.7197561600e+02	-2.8730537045e+00
4.7483709700e+02	-2.3370993121e+00
4.7769671600e+02	-1.9317895088e+00
4.8055444300e+02	-1.4230563335e+00
4.8341033900e+02	-1.3363397053e+00
4.8626434300e+02	-1.1694667865e+00
4.8911645500e+02	-1.2646537066e+00
4.9196673600e+02	-1.1888616910e+00
4.9481512500e+02	-1.2413864468e+00
4.9766168200e+02	-1.4229227382e+00
5.0050634800e+02	-1.4775810682e+00
5.0334912100e+02	-1.5019029847e+00
5.0619006300e+02	-1.6363789712e+00
5.0902911400e+02	-2.1158663983e+00
5.1186633300e+02	-2.1097812596e+00
5.1470166000e+02	-2.8241968608e+00
5.1753509500e+02	-3.6495987377e+00
5.2036669900e+02	-4.3004306789e+00
5.2319641100e+02	-5.3249291022e+00
5.2602423100e+02	-6.5236823434e+00
5.2885022000e+02	-7.3700196889e+00
5.3167437700e+02	-7.9952095213e+00
5.3449658200e+02	-8.8697223838e+00
5.3731695600e+02	-9.3988073059e+00
5.4013549800e+02	-9.4502610964e+00
5.4295214800e+02	-9.2170237867e+00
5.4576690700e+02	-9.4409259569e+00
5.4857983400e+02	-9.4101220393e+00
5.5139086900e+02	-9.4820111385e+00
5.5420001200e+02	-9.5975094674e+00
5.5700732400e+02	-1.0651498846e+01
5.5981274400e+02	-1.1469373246e+01
5.6261633300e+02	-1.3042884318e+01
5.6541796900e+02	-1.5059677896e+01
5.6821783400e+02	-1.7032634071e+01
5.7101580800e+02	-1.9125369423e+01
5.7381189000e+02	-2.1877218907e+01
5.7660607900e+02	-2.4094123657e+01
5.7939843800e+02	-2.6096526917e+01
5.8218896500e+02	-2.7789303764e+01
5.8497753900e+02	-2.9701986322e+01
5.8776428200e+02	-3.0691907498e+01
5.9054919400e+02	-3.1408453315e+01
5.9333221400e+02	-3.1644888582e+01
5.9611334200e+02	-3.1719218439e+01
5.9889257800e+02	-3.1779575201e+01
6.0167004400e+02	-3.0909589062e+01
6.0444555700e+02	-2.9893206647e+01
6.0721923800e+02	-2.9159160023e+01
6.0999102800e+02	-2.7608342133e+01
6.1276098600e+02	-2.6142112827e+01
6.1552905300e+02	-2.4288586084e+01
6.1829522700e+02	-2.2091996405e+01
6.2105957000e+02	-2.0316902706e+01
6.2382202100e+02	-1.8399128822e+01
6.2658264200e+02	-1.6396453725e+01
6.2934130900e+02	-1.4486448323e+01
6.3209820600e+02	-1.3374930651e+01
6.3485314900e+02	-1.2423604092e+01
6.3760632300e+02	-1.1318451530e+01
6.4035754400e+02	-1.0910034891e+01
6.4310693400e+02	-1.0793702475e+01
6.4585443100e+02	-1.0767218920e+01
6.4860009800e+02	-1.0539690711e+01
6.5134387200e+02	-1.0291178400e+01
6.5408575400e+02	-1.0212549134e+01
6.5682580600e+02	-9.7739590047e+00
6.5956396500e+02	-9.8265898011e+00
6.6230029300e+02	-9.1389828823e+00
6.6503472900e+02	-8.5591418980e+00
6.6776733400e+02	-7.9114113703e+00
6.7049798600e+02	-6.7951255591e+00
6.7322680700e+02	-5.4026606212e+00
6.7595379600e+02	-3.9687584536e+00
6.7867889400e+02	-2.7969982388e+00
6.8140210000e+02	-1.3725285473e+00
6.8412347400e+02	1.7555837026e-01
6.8684295700e+02	1.9606083428e+00
6.8956060800e+02	3.2807638039e+00
6.9227636700e+02	5.2398358562e+00
6.9499023400e+02	7.0530944403e+00
6.9770227100e+02	8.4035390782e+00
7.0041241500e+02	9.6240943232e+00
7.0312066700e+02	1.0976234426e+01
7.0582708700e+02	1.2453329342e+01
7.0853161600e+02	1.2766337587e+01
7.1123431400e+02	1.3322980787e+01
7.1393512000e+02	1.3687270640e+01
7.1663403300e+02	1.3956505743e+01
7.1933111600e+02	1.3601906862e+01
7.2202630600e+02	1.4143474882e+01
7.2471966600e+02	1.4403283507e+01
7.2741113300e+02	1.3979228035e+01
7.3010070800e+02	1.3034741266e+01
7.3278845200e+02	1.2114611203e+01
7.3547430400e+02	1.1417894678e+01
7.3815832500e+02	1.0923197329e+01
7.4084045400e+02	1.0176924655e+01
7.4352069100e+02	9.8789043270e+00
7.4619903600e+02	9.7033017967e+00
7.4887561000e+02	9.0883400986e+00
7.5155023200e+02	8.6116198020e+00
7.5422302200e+02	7.9246652146e+00
7.5689392100e+02	7.4913625435e+00
7.5956298800e+02	7.0698767727e+00
7.6223016400e+02	6.8236108698e+00
7.6489544700e+02	6.9293751522e+00
7.6755889900e+02	7.1180477141e+00
7.7022045900e+02	6.3576535017e+00
7.7288018800e+02	6.3975256928e+00
7.7553802500e+02	6.1709107490e+00
7.7819397000e+02	6.7299845249e+00
7.8084808300e+02	6.9322649262e+00
7.8350030500e+02	6.2348011371e+00
7.8615069600e+02	5.9557320440e+00
7.8879919400e+02	6.1825194503e+00
7.9144580100e+02	6.6743906927e+00
7.9409057600e+02	7.2262808306e+00
7.9673345900e+02	6.5148581449e+00
7.9937451200e+02	5.5285556461e+00
8.0201367200e+02	4.7185534845e+00
8.0465094000e+02	4.3124060586e+00
8.0728631600e+02	3.4848800631e+00
8.0991992200e+02	3.2861220126e+00
8.1255157500e+02	3.1912076323e+00
8.1518139600e+02	3.2007986462e+00
8.1780932600e+02	3.8644573303e+00
8.2043542500e+02	4.1702990727e+00
8.2305963100e+02	3.9680921488e+00
8.2568194600e+02	4.5852495350e+00
8.2830242900e+02	5.1939859651e+00
8.3092102100e+02	4.9567839236e+00
8.3353772000e+02	5.1756907031e+00
8.3615258800e+02	5.7221523496e+00
8.3876562500e+02	5.7041799172e+00
8.4137677000e+02	6.1016642127e+00
8.4398602300e+02	5.6687656223e+00
8.4659338400e+02	5.5387949393e+00
8.4919891400e+02	5.4881629454e+00
8.5180261200e+02	5.8864287126e+00
