# Filename: guide/clp_guide__rc__r2.ascii

Time explicit
Intervalnr 1
-0.00104999996
3.8234307900e+02	5.3375105613e+00
3.8526245100e+02	5.3337453899e+00
3.8817999300e+02	5.3596340396e+00
3.9109564200e+02	5.2144424608e+00
3.9400943000e+02	5.1541288482e+00
3.9692135600e+02	4.7670951855e+00
3.9983142100e+02	4.3931036695e+00
4.0273962400e+02	4.0224950395e+00
4.0564593500e+02	3.6419494201e+00
4.0855038500e+02	3.1563238456e+00
4.1145294200e+02	2.5914304504e+00
4.1435366800e+02	2.1278542611e+00
4.1725250200e+02	1.6815337875e+00
4.2014947500e+02	9.8597417363e-01
4.2304461700e+02	3.0498125924e-01
4.2593783600e+02	-2.6606084070e-01
4.2882922400e+02	-9.0951208572e-01
4.3171871900e+02	-1.5583574579e+00
4.3460638400e+02	-2.2686748039e+00
4.3749212600e+02	-2.6362022763e+00
4.4037603800e+02	-3.2367736982e+00
4.4325805700e+02	-3.5779710463e+00
4.4613821400e+02	-3.7921863642e+00
4.4901651000e+02	-4.2527275875e+00
4.5189294400e+02	-4.5244044252e+00
4.5476748700e+02	-4.8414695907e+00
4.5764019800e+02	-4.2140703046e+00
4.6051101700e+02	-4.5549077782e+00
4.6337994400e+02	-4.2126288831e+00
4.6624704000e+02	-3.7375241751e+00
4.6911224400e+02	-3.1393455317e+00
4.7197561600e+02	-2.6529404762e+00
4.7483709700e+02	-2.1629928149e+00
4.7769671600e+02	-1.7121264114e+00
4.8055444300e+02	-1.2679727654e+00
4.8341033900e+02	-1.2553270043e+00
4.8626434300e+02	-1.1459128667e+00
4.8911645500e+02	-1.2781252234e+00
4.9196673600e+02	-1.0479473754e+00
4.9481512500e+02	-1.3122577441e+00
4.9766168200e+02	-1.3826391029e+00
5.0050634800e+02	-1.2961156128e+00
5.0334912100e+02	-1.4473073909e+00
5.0619006300e+02	-1.4878879017e+00
5.0902911400e+02	-1.9963836717e+00
5.1186633300e+02	-1.9367997533e+00
5.1470166000e+02	-2.7441502846e+00
5.1753509500e+02	-3.7302418038e+00
5.2036669900e+02	-4.5181466815e+00
5.2319641100e+02	-5.6579240503e+00
5.2602423100e+02	-7.2642879904e+00
5.2885022000e+02	-7.6118304531e+00
5.3167437700e+02	-8.8500162080e+00
5.3449658200e+02	-9.3927031509e+00
5.3731695600e+02	-1.0220058260e+01
5.4013549800e+02	-1.0295601146e+01
5.4295214800e+02	-1.0158724293e+01
5.4576690700e+02	-1.0237362388e+01
5.4857983400e+02	-1.0212761751e+01
5.5139086900e+02	-1.0696615542e+01
5.5420001200e+02	-1.0843861290e+01
5.5700732400e+02	-1.2257613471e+01
5.5981274400e+02	-1.3430163983e+01
5.6261633300e+02	-1.5448971004e+01
5.6541796900e+02	-1.7978217864e+01
5.6821783400e+02	-2.0343219288e+01
5.7101580800e+02	-2.3022252795e+01
5.7381189000e+02	-2.6518274329e+01
5.7660607900e+02	-2.9206550342e+01
5.7939843800e+02	-3.1978777572e+01
5.8218896500e+02	-3.3875581214e+01
5.8497753900e+02	-3.5892337849e+01
5.8776428200e+02	-3.6673286873e+01
5.9054919400e+02	-3.7188989457e+01
5.9333221400e+02	-3.6735137666e+01
5.9611334200e+02	-3.5652944063e+01
5.9889257800e+02	-3.4460725340e+01
6.0167004400e+02	-3.2608011938e+01
6.0444555700e+02	-2.9998704844e+01
6.0721923800e+02	-2.7876734282e+01
6.0999102800e+02	-2.5194850903e+01
6.1276098600e+02	-2.2996724242e+01
6.1552905300e+02	-2.0316632416e+01
6.1829522700e+02	-1.7870950194e+01
6.2105957000e+02	-1.5799928822e+01
6.2382202100e+02	-1.4064312334e+01
6.2658264200e+02	-1.2320776492e+01
6.2934130900e+02	-1.1325174686e+01
6.3209820600e+02	-1.0580456885e+01
6.3485314900e+02	-9.8965564476e+00
6.3760632300e+02	-9.5877512337e+00
6.4035754400e+02	-9.6379374123e+00
6.4310693400e+02	-9.7017499147e+00
6.4585443100e+02	-9.9362236411e+00
6.4860009800e+02	-9.8637974563e+00
6.5134387200e+02	-9.6169097186e+00
6.5408575400e+02	-9.5728149757e+00
6.5682580600e+02	-8.8022541222e+00
6.5956396500e+02	-8.5398475480e+00
6.6230029300e+02	-7.5504103471e+00
6.6503472900e+02	-6.4481731533e+00
6.6776733400e+02	-5.3947015396e+00
6.7049798600e+02	-3.8796942883e+00
6.7322680700e+02	-2.5695380144e+00
6.7595379600e+02	-8.5868563987e-01
6.7867889400e+02	7.1887624245e-01
6.8140210000e+02	2.3262650454e+00
6.8412347400e+02	4.0165309246e+00
6.8684295700e+02	5.3859245582e+00
6.8956060800e+02	7.0004111378e+00
6.9227636700e+02	9.0145361341e+00
6.9499023400e+02	1.0612956001e+01
6.9770227100e+02	1.1681097856e+01
7.0041241500e+02	1.2796647644e+01
7.0312066700e+02	1.3913415347e+01
7.0582708700e+02	1.5426428557e+01
7.0853161600e+02	1.5590469802e+01
7.1123431400e+02	1.5697528778e+01
7.1393512000e+02	1.6314238801e+01
7.1663403300e+02	1.6505441483e+01
7.1933111600e+02	1.5894079770e+01
7.2202630600e+02	1.6255414691e+01
7.2471966600e+02	1.6140791871e+01
7.2741113300e+02	1.5911686089e+01
7.3010070800e+02	1.4802104739e+01
7.3278845200e+02	1.4003660744e+01
7.3547430400e+02	1.3466621760e+01
7.3815832500e+02	1.2738349530e+01
7.4084045400e+02	1.2250281024e+01
7.4352069100e+02	1.1986272921e+01
7.4619903600e+02	1.1180700604e+01
7.4887561000e+02	1.0917240699e+01
7.5155023200e+02	1.0333777633e+01
7.5422302200e+02	9.4744209180e+00
7.5689392100e+02	8.5890746160e+00
7.5956298800e+02	8.2424481284e+00
7.6223016400e+02	8.2678184320e+00
7.6489544700e+02	8.0942289306e+00
7.6755889900e+02	8.1928895103e+00
7.7022045900e+02	7.8948416280e+00
7.7288018800e+02	8.1101531722e+00
7.7553802500e+02	7.6396977588e+00
7.7819397000e+02	7.9458723032e+00
7.8084808300e+02	8.3508104831e+00
7.8350030500e+02	7.6015736238e+00
7.8615069600e+02	7.3955576147e+00
7.8879919400e+02	7.2689390018e+00
7.9144580100e+02	7.4259638729e+00
7.9409057600e+02	7.9132649793e+00
7.9673345900e+02	7.8303380722e+00
7.9937451200e+02	5.6959078482e+00
8.0201367200e+02	4.8993238844e+00
8.0465094000e+02	4.9486350516e+00
8.0728631600e+02	4.6366513068e+00
8.0991992200e+02	4.0556266437e+00
8.1255157500e+02	3.5053500382e+00
8.1518139600e+02	4.0584344338e+00
8.1780932600e+02	4.4378441835e+00
8.2043542500e+02	3.8551082729e+00
8.2305963100e+02	3.3243670677e+00
8.2568194600e+02	3.1910777839e+00
8.2830242900e+02	4.8870796073e+00
8.3092102100e+02	8.7180071805e+00
8.3353772000e+02	7.3221079170e+00
8.3615258800e+02	6.0694371702e+00
8.3876562500e+02	6.4038807731e+00
8.4137677000e+02	6.4558886134e+00
8.4398602300e+02	7.1372384120e+00
8.4659338400e+02	6.8905264326e+00
8.4919891400e+02	6.7526231939e+00
8.5180261200e+02	6.3884804013e+00
